0.0416540239239867
0.849803210929705
0.680516170323948
0.736054421158054
0.597776300324221
0.474052914132628
0.332071629288766
0.671584886333030
0.0937704928469910
0.126123136581356
0.0181625633345700
0.971958227619259
0.994096383919401
0.113870064419472
0.397888777385295
0.648123447908715
0.294345449675105
0.776895567581210
0.519986826648278
0.374328091658432
0.228983782500408
0.742581956169926
0.879154931493350
0.701905560370674
0.357380518272697
0.923325421037539
0.203990632502019
0.481642398160027
0.957253926831082
0.249905353648851
0.191900830397654
0.916528556769306
0.0284963277506429
0.307875641348544
0.535711085191680
0.149601354898871
0.560216283807212
0.810201696751732
0.426102535776258
0.611771563452245
0.799304465198005
0.174143368880629
0.543971165244449
0.0730699601887385
0.458333681103523
0.829777872581143
0.892663331842954
0.405210409902250
0.269505196721160
0.623909582450825